m1=55;
m2=5;
k1=5;
k2=10;
c2=5;
